0.0185043
0.0187803
0.0183899
0.0174727
0.0174122
0.0174649
0.0179187
0.0182333
0.0182306
0.0181305
0.0180363
0.0182279
0.01823
0.0183006
0.0180975
0.01814
0.0182484
0.0180913
0.0171352
0.0168381
0.0168275
0.0166539
0.0169054
0.0170503
0.0168384
0.0168567
0.0156737
0.0153479
0.015225
0.0150776
0.0153324
0.0162571
0.0169683
0.017109
0.0176015
0.0173337
0.0169762
0.016675
0.0166573
0.0170764
0.0169105
0.0163936
0.0164858
0.0166991
0.0173232
0.0172003
0.0173302
0.0175075
0.0180094
0.0181947
0.0179845
0.0183793
0.0184317
0.0185735
0.0191305
0.0190643
0.019213
0.0191954
0.0191565
0.0190472
0.0195554
0.0198857
0.0199152
0.0201947
0.0185384
0.0187188
0.018231
0.0175582
0.017077
0.0167698
0.0176816
0.0177431
0.0177962
0.0177774
0.0178707
0.0176926
0.0174834
0.0170595
0.016245
0.0165012
0.0167285
0.0170965
0.0170415
0.0161864
0.0155574
0.0161211
0.0171413
0.0170676
0.0164521
0.0169196
0.0160367
0.0160665
0.0158291
0.0152862
0.0151578
0.0160319
0.0173676
0.0175253
0.0175517
0.0169786
0.0166668
0.0163404
0.0166375
0.0168735
0.0174633
0.0171636
0.0173227
0.0171662
0.0175504
0.0178589
0.0172634
0.0173575
0.0184695
0.0186411
0.0188866
0.0189456
0.0183713
0.0185018
0.0188562
0.0190808
0.0194067
0.0193953
0.0199063
0.0197745
0.0196392
0.0200074
0.0202278
0.0203292
0.0183323
0.0183143
0.0181825
0.0178741
0.017801
0.0171773
0.0169869
0.0177878
0.0178603
0.0170001
0.0163435
0.0162437
0.016029
0.0158585
0.0149393
0.0154461
0.0157887
0.0163308
0.0164887
0.0159237
0.0154459
0.0158603
0.0164558
0.0172033
0.0161236
0.0165464
0.0157406
0.0168066
0.017073
0.0156361
0.0156849
0.016908
0.018109
0.0175829
0.0168157
0.0160914
0.0164976
0.0165948
0.0159712
0.0171039
0.0178817
0.0177064
0.0184634
0.0171158
0.0171511
0.0178459
0.0172054
0.0173863
0.0191553
0.0187145
0.0194761
0.0199438
0.0194638
0.0183796
0.0189383
0.0188622
0.0185845
0.0187785
0.0189219
0.0195913
0.019625
0.0195916
0.0203564
0.020408
0.0180534
0.0184882
0.018717
0.0170497
0.0171986
0.0175921
0.0181251
0.0174074
0.0171297
0.0162795
0.0147863
0.0142988
0.014677
0.0138284
0.0142705
0.0142334
0.0141462
0.0157166
0.0155593
0.0161587
0.0155191
0.0142094
0.0153956
0.0167771
0.0159931
0.0157809
0.0150104
0.0166323
0.0175051
0.0170557
0.0168546
0.0168898
0.0180022
0.0177564
0.0164907
0.0160068
0.0163632
0.0156766
0.0159513
0.0170928
0.0177467
0.0173571
0.0181514
0.0165051
0.0168958
0.0175906
0.0170032
0.0170807
0.0187231
0.0185155
0.0181671
0.0191082
0.0192039
0.0185535
0.0189395
0.019057
0.0192494
0.0193306
0.0186396
0.0191012
0.018822
0.0189991
0.020005
0.0204113
0.0182388
0.0182988
0.0185127
0.0173335
0.0177519
0.0170963
0.0173284
0.0170591
0.0160908
0.01573
0.014507
0.0139126
0.0146807
0.0135095
0.0152535
0.0145013
0.0144807
0.0146933
0.0146347
0.0151846
0.0141794
0.0125709
0.0135558
0.014926
0.0149877
0.0157875
0.0151175
0.0159944
0.0163953
0.015764
0.0168745
0.0162466
0.016284
0.0161018
0.0155101
0.015602
0.0158735
0.0150412
0.014545
0.0154979
0.0153893
0.0164179
0.0168655
0.0160659
0.0162191
0.0164286
0.0171805
0.0171402
0.0186245
0.0180626
0.0175775
0.0175848
0.0185834
0.0188081
0.0199551
0.0199393
0.0196016
0.0196962
0.0197263
0.0195973
0.018931
0.0193499
0.0200691
0.0205519
0.018614
0.0186534
0.0183174
0.0178891
0.0179571
0.0166169
0.0164672
0.0154349
0.0140403
0.0147439
0.0138356
0.013718
0.0145398
0.0134248
0.0147848
0.0146074
0.0135139
0.0131998
0.0136761
0.0136291
0.0132188
0.0117194
0.0133552
0.0146493
0.0143631
0.0149833
0.014632
0.0148882
0.0143975
0.0148002
0.014616
0.0138218
0.0149914
0.014397
0.0139854
0.014479
0.0149088
0.0142336
0.0136044
0.0134311
0.0139587
0.0154492
0.0164994
0.0166309
0.0168831
0.016373
0.016169
0.017321
0.0182048
0.0173116
0.0173496
0.0175679
0.0181288
0.0186911
0.0197117
0.019576
0.0194335
0.0201751
0.0199773
0.0199895
0.0196203
0.020039
0.0205
0.0209496
0.0184577
0.0186568
0.0184559
0.01698
0.0166196
0.0161
0.0153512
0.0145824
0.013797
0.0142531
0.0128138
0.0137377
0.0143339
0.0123137
0.0137653
0.0145315
0.0136301
0.0137683
0.0143149
0.0143302
0.0130725
0.0123855
0.0137504
0.0146033
0.014869
0.0144938
0.0148775
0.0155546
0.0140772
0.0143975
0.0143235
0.0144631
0.0146212
0.0148888
0.0146176
0.0137962
0.013469
0.014378
0.0138353
0.0147364
0.0156823
0.0157154
0.0182727
0.0170668
0.0156943
0.0160777
0.0155534
0.0176258
0.0186082
0.0170856
0.0171875
0.0174692
0.0177541
0.0186904
0.0197674
0.0192684
0.0190676
0.0204689
0.0199768
0.0204048
0.0204872
0.019858
0.0204983
0.0210586
0.0187262
0.0181718
0.0171453
0.015482
0.0154213
0.0141591
0.0132381
0.0132675
0.0135079
0.0140321
0.0115561
0.012353
0.013367
0.0112353
0.0128286
0.0141618
0.0139982
0.0135152
0.0128564
0.0138028
0.0121102
0.0118558
0.0129128
0.0129424
0.0143196
0.0138138
0.0149005
0.0148968
0.0145724
0.0137085
0.0134175
0.0132267
0.0137292
0.0139984
0.0146559
0.0141656
0.0131047
0.0139629
0.0139854
0.0150725
0.0154748
0.0160699
0.0178275
0.0167992
0.0140596
0.0148837
0.0142735
0.0155936
0.016976
0.0166482
0.0173447
0.0171001
0.0176381
0.0180517
0.0190689
0.0190375
0.0185136
0.0197007
0.0196635
0.0202807
0.0209185
0.0200924
0.0207993
0.0211278
0.0190011
0.0181137
0.0154295
0.01441
0.0145316
0.0143331
0.0131387
0.0130653
0.0123953
0.0127606
0.0118755
0.0120275
0.0128206
0.0120599
0.0133016
0.0134769
0.0143064
0.0132917
0.0124331
0.0125519
0.0114868
0.012081
0.0125691
0.0130244
0.0143874
0.0131465
0.0146414
0.014414
0.0144162
0.0130328
0.0128201
0.0121337
0.013422
0.0136943
0.0143468
0.0152083
0.0131161
0.0136982
0.01313
0.0135153
0.0132918
0.0143074
0.0162296
0.0153019
0.0131697
0.0134853
0.0129484
0.0136458
0.0142342
0.015656
0.0170413
0.0164022
0.0176439
0.0178098
0.0178081
0.0180002
0.0175115
0.0188492
0.0194257
0.0196573
0.0204506
0.0202887
0.0208587
0.0211732
0.0187506
0.0168635
0.0144469
0.0141047
0.0141722
0.0142747
0.0135298
0.0126997
0.0126264
0.0127626
0.0119586
0.0128506
0.0137026
0.0136655
0.0146507
0.0144879
0.0145353
0.0134101
0.0126146
0.0125932
0.0115924
0.0121188
0.012961
0.0141582
0.0150882
0.0141377
0.0140749
0.0146711
0.0148222
0.0144877
0.0136636
0.0129875
0.0138047
0.0140891
0.0143868
0.0146566
0.0134542
0.0136303
0.0130794
0.0136719
0.0135563
0.0149112
0.015503
0.0152716
0.014864
0.0155974
0.0146177
0.0143425
0.0145156
0.0147202
0.0164735
0.0175088
0.018177
0.0182907
0.0179276
0.0180459
0.0182359
0.0189178
0.0190507
0.019124
0.0197162
0.0200948
0.0207049
0.0208959
0.0176719
0.0158651
0.0145647
0.0142315
0.0142572
0.0139697
0.0134352
0.0131423
0.0134001
0.0134202
0.0129585
0.0139504
0.015034
0.0147151
0.015114
0.0148409
0.0145476
0.0133989
0.0125521
0.0124027
0.0125427
0.0128079
0.0132981
0.0146914
0.0146997
0.0148265
0.0147207
0.0150007
0.0162664
0.0154771
0.014833
0.0136957
0.0142989
0.015309
0.0145365
0.0142694
0.0146296
0.0138568
0.0137179
0.0144411
0.0149656
0.0159375
0.0155422
0.016226
0.0166397
0.0162551
0.0155333
0.0151147
0.0154214
0.0159499
0.0169666
0.0184234
0.0193399
0.0196163
0.0185376
0.0192042
0.0197408
0.0194664
0.0196335
0.0196786
0.020324
0.0202814
0.0204396
0.0205825
0.0158731
0.0150388
0.0148306
0.0143636
0.0143303
0.0134323
0.0120539
0.0128758
0.0137867
0.0139931
0.0137809
0.0144807
0.0153088
0.0150501
0.0154447
0.0151841
0.0143867
0.0130418
0.0122793
0.013339
0.0134593
0.0130788
0.0132393
0.0144541
0.0145642
0.0144119
0.0143866
0.0135697
0.0148831
0.0144751
0.0144774
0.0138874
0.0133146
0.013795
0.0129347
0.0128473
0.0132356
0.0130525
0.013594
0.013655
0.0147584
0.0158819
0.0158717
0.0166834
0.0168341
0.0168543
0.0157057
0.0163619
0.0168781
0.0174783
0.0175104
0.0184148
0.0192662
0.0198952
0.0193023
0.0200516
0.0204589
0.0197398
0.019838
0.0200798
0.0206072
0.0202542
0.0203926
0.0205457
0.0146664
0.0141136
0.0140017
0.0141583
0.0134772
0.0120464
0.0112542
0.0116562
0.0127341
0.0135657
0.0136854
0.0138665
0.0147136
0.0149355
0.0148547
0.0142278
0.0133422
0.0119767
0.0116451
0.0131735
0.0125796
0.0125799
0.0129693
0.0142789
0.0151519
0.0145678
0.0135116
0.0133322
0.014162
0.0128312
0.0133733
0.0139793
0.0133759
0.0135682
0.0123247
0.0124793
0.012748
0.0133019
0.0143349
0.0139412
0.0149041
0.0152133
0.0151793
0.0147374
0.0158793
0.0164954
0.01558
0.0167702
0.017177
0.0174769
0.0173244
0.0177911
0.0191231
0.0195348
0.019113
0.0199473
0.020269
0.0195424
0.0196143
0.0202082
0.0198933
0.0200746
0.0203676
0.0204494
0.0140334
0.0134451
0.0134207
0.0137386
0.0129907
0.0118632
0.0116174
0.0118579
0.0123915
0.0130159
0.0132362
0.0130993
0.013623
0.0143584
0.0137136
0.0126642
0.0119466
0.0114462
0.0113789
0.0121089
0.0124626
0.0133399
0.0136627
0.0145722
0.0153901
0.0139501
0.0132329
0.0129702
0.0131424
0.0128666
0.0129546
0.013775
0.0141971
0.0133536
0.0132922
0.0132708
0.0131082
0.0139562
0.0149014
0.0143578
0.0151129
0.0153563
0.0145548
0.0145882
0.015677
0.015518
0.0152002
0.0161376
0.0167771
0.0171266
0.0171223
0.0173759
0.0188163
0.0191733
0.0186898
0.0194438
0.0198007
0.0194633
0.0196897
0.0200043
0.0200404
0.0203465
0.0205647
0.0205123
0.0139045
0.0137346
0.0137595
0.0132565
0.0124331
0.0126316
0.0125835
0.0126165
0.0128882
0.0132354
0.0136204
0.0132641
0.0141824
0.0145054
0.0130281
0.0119598
0.0121684
0.0123102
0.0120398
0.0127781
0.0128964
0.0137564
0.0142411
0.0138377
0.0138266
0.0125234
0.0127841
0.013105
0.0135443
0.0132411
0.0124224
0.0132459
0.0136326
0.0130116
0.0126604
0.0133696
0.0130342
0.0127764
0.0130934
0.0131888
0.0139625
0.0144543
0.0142099
0.0148821
0.0153393
0.0156147
0.0156238
0.0159085
0.0162202
0.0163135
0.0166868
0.0175583
0.0187838
0.0189051
0.0189188
0.0196621
0.0198107
0.0195065
0.0197487
0.0201704
0.0201119
0.0202765
0.0202835
0.0205296
0.014354
0.014487
0.0141867
0.012918
0.0124154
0.0130284
0.0134978
0.0136865
0.0137013
0.0140281
0.0138071
0.0134388
0.0144741
0.0145774
0.0132881
0.011872
0.0128687
0.0134926
0.0135597
0.0139362
0.0137687
0.0148288
0.0141747
0.0140206
0.0137865
0.0123713
0.0124615
0.0128307
0.0133558
0.0130042
0.0129116
0.0127252
0.0130452
0.0123046
0.0122937
0.0131966
0.0131862
0.0125436
0.0121927
0.0124639
0.0129553
0.0137993
0.0142301
0.0151387
0.0157544
0.0162857
0.0163206
0.0156029
0.0160008
0.0163121
0.0165202
0.0179812
0.0189645
0.0188465
0.018839
0.0201161
0.0202734
0.0197802
0.0199051
0.0200668
0.0202637
0.0203073
0.0205342
0.0202489
0.0150382
0.0151348
0.0144886
0.0135226
0.0132432
0.0134755
0.0137454
0.0142018
0.0146757
0.0151968
0.0146833
0.0147076
0.015675
0.0153425
0.0143666
0.0128957
0.0142441
0.0144305
0.0145942
0.0149047
0.0145712
0.0146504
0.0143471
0.0145082
0.0140331
0.0126595
0.0126299
0.0126457
0.0132534
0.0129094
0.0127849
0.0120326
0.0121005
0.0119128
0.0116075
0.0123238
0.012603
0.0129692
0.0122003
0.0126427
0.0128673
0.0138609
0.0148789
0.0152166
0.0156463
0.0156392
0.0156279
0.0152387
0.0159842
0.0169748
0.0174275
0.0181221
0.0190087
0.0197181
0.0197789
0.0204343
0.0205482
0.0202845
0.0202501
0.0204318
0.0204678
0.0207347
0.0213644
0.0207619
0.0149702
0.0154285
0.0150092
0.0138018
0.0140504
0.0140705
0.013985
0.0142157
0.0149964
0.0154867
0.0151697
0.0156416
0.0162542
0.0158365
0.0146252
0.0142609
0.0149344
0.014685
0.0146271
0.0146122
0.0143305
0.0142421
0.0141936
0.0140513
0.0143557
0.0137422
0.0129188
0.0126409
0.0122038
0.012306
0.0121246
0.0114296
0.0117128
0.0114778
0.0115476
0.0115835
0.0118508
0.0126301
0.0117834
0.0121109
0.0127583
0.0133624
0.0144557
0.0148332
0.0149575
0.0152114
0.0147523
0.0150919
0.0161095
0.0167548
0.0171767
0.0175531
0.0184219
0.0192683
0.0202473
0.0203711
0.0204947
0.0206324
0.0204369
0.020653
0.0205534
0.0206379
0.0211059
0.0207968
0.0151419
0.0155894
0.0150448
0.0142435
0.0143689
0.0142818
0.0139284
0.0141867
0.0150776
0.015527
0.0155338
0.0163749
0.0169265
0.0164252
0.0152311
0.0153341
0.0155357
0.0150694
0.0146192
0.014704
0.0147734
0.0143276
0.0142965
0.0145539
0.0144906
0.0137586
0.0121857
0.0117732
0.0120939
0.0124712
0.0122741
0.0117381
0.0119313
0.0121066
0.0123883
0.0119992
0.0116846
0.0118096
0.0116921
0.0121168
0.0125574
0.0131164
0.0136958
0.0139668
0.014008
0.014454
0.0146348
0.0150281
0.0158726
0.0160759
0.0167215
0.0172898
0.018164
0.0185847
0.019685
0.0202877
0.0201148
0.0200364
0.020016
0.0203876
0.0204449
0.0205411
0.0208242
0.0205662
0.0152778
0.0157506
0.0151103
0.0149223
0.0149269
0.0147526
0.0143685
0.0143125
0.0149667
0.0147813
0.0152013
0.0165314
0.0170089
0.0168296
0.0153412
0.0152617
0.0156206
0.0147204
0.0144414
0.0144167
0.0146787
0.0149764
0.0147819
0.0150496
0.014489
0.0136457
0.0121528
0.0115991
0.0116072
0.0110398
0.0111487
0.011121
0.0111641
0.0117549
0.0126412
0.0126763
0.0126677
0.0128338
0.0118594
0.0120915
0.0122672
0.0132671
0.0136193
0.0136154
0.013837
0.0139169
0.0147125
0.0146517
0.0153344
0.0155436
0.0164272
0.0173123
0.0183503
0.0190157
0.0193675
0.0205016
0.0200911
0.0197932
0.0198171
0.0201645
0.0203738
0.0204051
0.0207371
0.0206223
0.0153497
0.015392
0.0147727
0.0147767
0.0145564
0.0143625
0.0141795
0.0147873
0.0152153
0.0143828
0.0152265
0.0163722
0.0168048
0.0167885
0.0156004
0.0155556
0.0154267
0.0144436
0.0141968
0.0139137
0.0141578
0.0148879
0.0145081
0.0145246
0.0139458
0.0130136
0.0119753
0.0103918
0.0092219
0.00898717
0.00992685
0.0100916
0.0104863
0.0114134
0.0121098
0.0124007
0.0121197
0.0126327
0.0117006
0.0117123
0.0120496
0.0129639
0.0133256
0.0132802
0.0133755
0.0141172
0.0147711
0.0143735
0.0148522
0.0153612
0.0162079
0.0170519
0.0180394
0.0187802
0.0189064
0.0200104
0.0201616
0.019844
0.0199029
0.0201911
0.0203651
0.0203911
0.0206359
0.020501
0.0152183
0.0148392
0.0140946
0.0143932
0.0139988
0.0137997
0.013765
0.0146541
0.014578
0.0144903
0.0154926
0.0160889
0.0165679
0.0163476
0.0150482
0.0156471
0.0157725
0.0147819
0.0138433
0.0134908
0.0132467
0.0136048
0.0139941
0.0134547
0.013059
0.0124084
0.0103983
0.00829496
0.00792486
0.00787812
0.0086869
0.00974928
0.0104988
0.0109518
0.0120035
0.0127631
0.0117385
0.0118661
0.0120705
0.0122924
0.0124137
0.0132778
0.0132042
0.0126321
0.0132505
0.0141413
0.0148224
0.0142534
0.014964
0.0152099
0.0161615
0.0169739
0.0174868
0.0182319
0.0182314
0.0192388
0.0203793
0.0197068
0.0195517
0.019986
0.0201699
0.0201563
0.0206018
0.0204239
0.0152391
0.0150062
0.0142117
0.014488
0.0139558
0.0133746
0.0126891
0.0127238
0.0126891
0.0134924
0.014686
0.0155901
0.0158495
0.0150825
0.013877
0.0145443
0.0149505
0.0144425
0.0132775
0.0139074
0.0137554
0.0136838
0.0132975
0.0134167
0.0131228
0.0120967
0.0101706
0.00938652
0.00952234
0.00953652
0.00981154
0.0101525
0.0111351
0.0115263
0.0124659
0.0127729
0.0116026
0.0115461
0.011425
0.0111295
0.0118142
0.0125217
0.01301
0.0127036
0.0128433
0.0135409
0.0144662
0.0142871
0.014644
0.0152181
0.016056
0.0165257
0.0168284
0.0175451
0.0176738
0.0191394
0.0203732
0.0196124
0.0192754
0.0200332
0.0204943
0.0204836
0.0209816
0.0209554
0.0156379
0.0152521
0.01425
0.0145372
0.0136234
0.0127358
0.0117007
0.0113614
0.0119833
0.0122384
0.0130736
0.0146911
0.0152399
0.014681
0.0131208
0.013181
0.0140261
0.0137266
0.0129927
0.0137204
0.013828
0.0142437
0.0141043
0.0138254
0.0133372
0.0125
0.0121059
0.0115399
0.0110863
0.0106183
0.0106882
0.0112571
0.0124365
0.0121924
0.0120577
0.0125638
0.0117974
0.0113516
0.0106153
0.0102424
0.0111066
0.0125164
0.0128168
0.0127163
0.0127692
0.0132914
0.0136658
0.0143213
0.0144761
0.0149792
0.015925
0.0159457
0.0161129
0.0173952
0.0181674
0.0188156
0.0194703
0.0191691
0.0193917
0.0201811
0.0203454
0.020247
0.0207026
0.0207541
0.015596
0.015196
0.0138642
0.0135596
0.013287
0.0133324
0.012653
0.0126402
0.0134163
0.0136325
0.0144061
0.0157788
0.0155537
0.0150712
0.0136761
0.013902
0.0135792
0.0126994
0.0124077
0.0129989
0.0138506
0.0134544
0.0141595
0.0142254
0.013243
0.0128974
0.0119194
0.0108584
0.0111004
0.0113644
0.0122867
0.0123427
0.012216
0.0112653
0.0107385
0.0108498
0.011168
0.0107666
0.0107152
0.0109492
0.0113351
0.0111821
0.0114759
0.0114774
0.0119845
0.0132615
0.0137437
0.0138052
0.0138908
0.0150024
0.0159128
0.0156096
0.0161154
0.0175861
0.0186561
0.0187969
0.0192605
0.0190438
0.0190369
0.0182627
0.0183948
0.0187901
0.0200549
0.0207945
0.0152115
0.0147277
0.0134358
0.0131846
0.0134862
0.0139245
0.0135794
0.0146057
0.0154284
0.0156361
0.0164102
0.0168305
0.0158242
0.0150346
0.0138059
0.0140582
0.0131542
0.0122066
0.012231
0.0129438
0.0132137
0.0125233
0.0137929
0.0143806
0.0136375
0.0133463
0.0122323
0.0118237
0.0110494
0.0107297
0.0111883
0.0115742
0.0112466
0.010929
0.0105417
0.0101759
0.0106375
0.0103431
0.0108444
0.0108719
0.0108199
0.0110811
0.0103379
0.0104825
0.0111704
0.0117633
0.0132814
0.0128603
0.0133955
0.0142318
0.0148094
0.0148248
0.0160123
0.0174705
0.0179887
0.0182405
0.0190308
0.0185711
0.0175979
0.0182141
0.018775
0.0191282
0.0190999
0.0199775
0.0150399
0.0147311
0.0137256
0.0141776
0.0144355
0.0145646
0.0146473
0.016526
0.0168627
0.0165737
0.017488
0.0173458
0.0160697
0.016275
0.0140328
0.0125711
0.0122551
0.0118668
0.0123702
0.0129313
0.0129168
0.0120368
0.0136573
0.0145423
0.0139571
0.0132625
0.0123256
0.0116209
0.011434
0.0102222
0.0107788
0.0106287
0.0102654
0.0105413
0.00998881
0.00972709
0.0099724
0.0103697
0.0110548
0.0106727
0.0109345
0.0121719
0.0114305
0.0121616
0.0119394
0.0112692
0.0126055
0.0135792
0.0144085
0.0142706
0.0143868
0.0147313
0.0159936
0.0160594
0.0166966
0.0178906
0.0190766
0.0182539
0.01772
0.0182238
0.018703
0.0189433
0.019289
0.0192516
0.0149668
0.0147945
0.0143186
0.0145427
0.0149094
0.0152334
0.0157495
0.0174241
0.0177988
0.0172941
0.0176302
0.0175017
0.0170155
0.0169157
0.0135173
0.0112349
0.0109482
0.0110702
0.011894
0.0128832
0.0126442
0.0119725
0.0130863
0.013624
0.0126195
0.0104547
0.00990092
0.0104028
0.0107494
0.00974119
0.0100307
0.00917996
0.00898404
0.00957426
0.00869959
0.00836514
0.00910365
0.00973286
0.0107063
0.0106258
0.0112194
0.0123807
0.0115822
0.0118263
0.011972
0.0115387
0.0114518
0.0131532
0.0143082
0.0143458
0.0147701
0.015697
0.0155344
0.015464
0.0168682
0.0174505
0.0186498
0.0180492
0.0175984
0.0185155
0.0183378
0.018794
0.019268
0.0189128
0.0148966
0.0147298
0.0143505
0.0143146
0.0147125
0.0152163
0.0158281
0.017381
0.0174946
0.0173173
0.0179666
0.0172118
0.0172651
0.0168412
0.0125356
0.01108
0.0104143
0.00999008
0.0107039
0.0117901
0.0123461
0.0118592
0.0136442
0.0135602
0.011133
0.00827
0.00683365
0.0074075
0.00892092
0.00904852
0.00927236
0.0073504
0.00809161
0.00860158
0.00806622
0.00878465
0.0083474
0.00809105
0.00943272
0.0103388
0.0120341
0.0115912
0.00991997
0.0110968
0.0125328
0.012703
0.0113796
0.0133739
0.0142898
0.0136715
0.0138395
0.0148886
0.0156496
0.0147326
0.0159938
0.0170167
0.0185302
0.0185319
0.0170585
0.0180801
0.0171871
0.0184177
0.0191477
0.0196366
0.0151007
0.0146285
0.0143023
0.0146798
0.0148794
0.0149942
0.0158846
0.0171867
0.0171043
0.0173657
0.0182255
0.0173787
0.0169384
0.0156288
0.0113278
0.0110639
0.0105486
0.00942016
0.00921372
0.0100826
0.0107621
0.0110292
0.0124839
0.0118941
0.0112874
0.00930448
0.00713911
0.00581701
0.00727234
0.00803743
0.00757456
0.00750336
0.00925476
0.00981114
0.00896403
0.00852949
0.00847472
0.00793693
0.00803435
0.00962355
0.0125167
0.0120255
0.0106534
0.0110058
0.0123686
0.0131513
0.0132577
0.0139629
0.0143197
0.0134555
0.014182
0.0154998
0.0167755
0.0156085
0.0162166
0.0174364
0.0181807
0.0185214
0.0174767
0.0177197
0.0184922
0.0190603
0.0192688
0.0207086
0.0152917
0.0145598
0.0136642
0.0141288
0.0140621
0.0140154
0.0150985
0.0162638
0.0168111
0.0167854
0.0175859
0.0172267
0.015931
0.0140018
0.0106032
0.0101461
0.00991402
0.00931224
0.00876473
0.00984534
0.00996203
0.0103974
0.0115566
0.0108545
0.0103255
0.00898131
0.00774482
0.00598113
0.00559679
0.00552417
0.00450507
0.00572177
0.00774041
0.00898798
0.00808523
0.00690631
0.00864266
0.00774419
0.00650803
0.00802596
0.010594
0.0101345
0.00951935
0.0109373
0.0119211
0.0127496
0.0131832
0.0131524
0.013004
0.0131063
0.0142966
0.0147882
0.0163122
0.0164594
0.0169871
0.0181657
0.018707
0.0183764
0.0182133
0.0192759
0.0201251
0.0206531
0.0208448
0.0204035
0.0154919
0.0148492
0.0137354
0.01352
0.0136385
0.0131428
0.0142682
0.0154439
0.0159552
0.0158271
0.0170767
0.0166522
0.0149521
0.0134441
0.0103963
0.00916848
0.00919164
0.00883908
0.00883663
0.00961479
0.0102152
0.0101312
0.0101427
0.0102404
0.0100297
0.0080991
0.00764901
0.00661571
0.00481029
0.00357269
0.00274388
0.00510724
0.00687012
0.00793954
0.0075633
0.00637682
0.0076531
0.00755722
0.00746965
0.00795599
0.00899593
0.01032
0.00982155
0.01097
0.0123396
0.0133761
0.0130156
0.0124428
0.0127168
0.0133544
0.0145247
0.0148359
0.0154472
0.0164451
0.0167167
0.0171316
0.0179342
0.0181465
0.0185066
0.0192956
0.020476
0.0210538
0.0207123
0.0201786
0.0160397
0.015193
0.0142345
0.0129566
0.0128049
0.0126771
0.0134889
0.014893
0.0151526
0.0148991
0.0161397
0.0156365
0.0139279
0.012732
0.0104948
0.00929098
0.00969071
0.00940491
0.00972861
0.00959015
0.0104603
0.0097382
0.00893128
0.0103395
0.0112714
0.00938701
0.00932438
0.00812009
0.00576016
0.00461506
0.00290954
0.00611671
0.00744672
0.00841746
0.00771486
0.0067479
0.00682139
0.00726871
0.00739837
0.00778031
0.0087939
0.0109154
0.0109559
0.0116499
0.0134715
0.0139103
0.0139721
0.013084
0.013087
0.0134364
0.014878
0.0158325
0.0159014
0.016678
0.0168274
0.0167625
0.0175075
0.0177198
0.0177685
0.0193947
0.0201407
0.0205918
0.0204779
0.0204377
0.0162715
0.0156326
0.0141868
0.0129771
0.0126545
0.0125293
0.0133185
0.0147582
0.0146204
0.014666
0.015276
0.0138161
0.0124428
0.0119516
0.0100486
0.00884461
0.0100726
0.0100546
0.00987466
0.00958075
0.0107552
0.00955953
0.00797579
0.00743856
0.00976897
0.0101949
0.0108815
0.00874763
0.0077378
0.00785243
0.00387289
0.00547097
0.00788097
0.00858638
0.00760878
0.006342
0.00747662
0.00708665
0.00744366
0.00841175
0.0097541
0.0102759
0.0107101
0.0124582
0.0141008
0.0142868
0.01375
0.0126947
0.0132693
0.0141627
0.0154273
0.0157523
0.0158345
0.0166974
0.0171887
0.017084
0.0171565
0.0173071
0.0177127
0.0193504
0.0199945
0.0204326
0.0205241
0.02043
0.0164567
0.0159758
0.0143727
0.0130017
0.013005
0.012702
0.0131664
0.0147025
0.0140273
0.0143057
0.0140432
0.0119508
0.0116674
0.0118156
0.0101727
0.00927969
0.0106391
0.0110979
0.0100748
0.00990295
0.0113801
0.01018
0.00821231
0.00666509
0.00789004
0.00895951
0.00884856
0.00763879
0.00804407
0.00775027
0.00430556
0.00453957
0.00762117
0.00886291
0.00711258
0.00679139
0.00851721
0.00737684
0.00777541
0.00984411
0.011606
0.0104605
0.0103084
0.0127259
0.0144848
0.0140343
0.0136555
0.0134561
0.0133795
0.0139127
0.0149397
0.0154585
0.0154197
0.016269
0.0169018
0.0162314
0.0166921
0.0176082
0.0180981
0.01937
0.0199708
0.0198138
0.019815
0.0201922
0.0171694
0.0160217
0.0149556
0.0140563
0.0133999
0.012963
0.0135244
0.0142727
0.0137359
0.0133881
0.0129807
0.0113333
0.0115906
0.0123811
0.010857
0.0102152
0.0108408
0.0115595
0.0104742
0.010504
0.0114961
0.010594
0.00702404
0.00530529
0.00547799
0.00586697
0.00607644
0.00739372
0.00905562
0.00673198
0.00436917
0.0043672
0.00574407
0.00689739
0.00668133
0.00737047
0.00874947
0.00787937
0.00885172
0.0107503
0.0124348
0.011862
0.0109406
0.0124721
0.0147633
0.014897
0.0145141
0.0147871
0.0144742
0.0148838
0.0152887
0.0159372
0.0156426
0.0158989
0.0169204
0.0165911
0.0173323
0.0182871
0.0187524
0.0194131
0.0194727
0.0196528
0.0200877
0.0199724
0.0178911
0.0169713
0.0156661
0.0150332
0.0139559
0.0131918
0.0133968
0.0140916
0.0128188
0.0124926
0.01258
0.0111706
0.0116358
0.0121176
0.0117445
0.010919
0.0110975
0.011279
0.0101115
0.0104419
0.0114599
0.00981021
0.00701786
0.00724936
0.00673242
0.00640635
0.00681407
0.00743508
0.00943259
0.0074873
0.00461133
0.0060517
0.00690509
0.0076804
0.00782625
0.00885463
0.0095002
0.00996701
0.0111415
0.0121575
0.0126511
0.0128026
0.0124021
0.0132101
0.0141905
0.0156707
0.0153695
0.0152855
0.0151074
0.0158562
0.0158708
0.0160802
0.0157931
0.0157775
0.0166407
0.0170766
0.0180443
0.018582
0.0189117
0.0195839
0.0201712
0.0202077
0.0204207
0.0201038
0.0189232
0.0178562
0.0158665
0.0149657
0.0145213
0.0138325
0.0138027
0.0139045
0.0125654
0.0129221
0.0124842
0.0114281
0.0118061
0.0119232
0.0112512
0.0119016
0.0117791
0.0106824
0.0102549
0.0105245
0.010892
0.0094895
0.00836239
0.00896132
0.00876113
0.00724698
0.00732486
0.00795097
0.00841042
0.00768766
0.00576466
0.00748908
0.00841343
0.00894072
0.00849771
0.00997035
0.010611
0.0113051
0.0124497
0.012794
0.0135684
0.0132183
0.0120171
0.0134604
0.0135659
0.0148628
0.0153462
0.0148907
0.0153353
0.0158799
0.016236
0.0164507
0.0163851
0.016326
0.0166429
0.0175234
0.0180285
0.0185812
0.0191499
0.0198114
0.0204906
0.0202275
0.0202455
0.0200811
0.0188437
0.018103
0.0160833
0.0152712
0.0153298
0.0148166
0.0148167
0.0145054
0.013306
0.0134189
0.0131251
0.0121871
0.0125027
0.0126759
0.0118467
0.0122913
0.0118833
0.0113418
0.0115264
0.0104437
0.0107369
0.0103899
0.0095837
0.0101913
0.0104628
0.00857756
0.00845399
0.00868876
0.00797985
0.00823465
0.00786554
0.00849062
0.00888719
0.00951554
0.00990455
0.0110279
0.0119972
0.0128315
0.0128996
0.0133403
0.013734
0.0141687
0.0139168
0.014291
0.0140505
0.0150173
0.0161076
0.0152819
0.0155451
0.0163358
0.0168212
0.01647
0.0171663
0.0167156
0.0169918
0.018477
0.0182819
0.0189772
0.0195202
0.0205718
0.0210414
0.0205824
0.0202675
0.0198133
0.0185489
0.018964
0.0172585
0.0159193
0.0154875
0.0154061
0.015111
0.0150472
0.0141294
0.0135785
0.012822
0.0125361
0.0128148
0.0127291
0.012309
0.0126816
0.0127765
0.0127669
0.0124723
0.0106949
0.0113544
0.0109171
0.0106792
0.0110287
0.0106679
0.00938156
0.00869742
0.00838132
0.00768149
0.00777655
0.00787282
0.00773491
0.00845331
0.00944898
0.0102979
0.0111205
0.0119909
0.0119306
0.0125949
0.0135158
0.0138187
0.0143552
0.0142052
0.0142354
0.0147013
0.0158055
0.0167324
0.0159684
0.0157514
0.0160488
0.0167914
0.0166937
0.0173539
0.016961
0.0171181
0.0185806
0.0188403
0.0188497
0.0193266
0.0210738
0.0218532
0.0211262
0.0204296
0.0202245
0.0190496
0.0199887
0.0187382
0.016437
0.0154501
0.0153684
0.01514
0.0144096
0.0136398
0.013225
0.012346
0.0126695
0.0125675
0.0125949
0.0127563
0.0138078
0.0140138
0.0136508
0.0129915
0.0111274
0.0120795
0.0109797
0.0121681
0.011766
0.0119827
0.0112094
0.00979643
0.00923741
0.00849755
0.00862242
0.00826959
0.00781571
0.0091891
0.0100005
0.0106815
0.0110665
0.0116185
0.0121242
0.0130786
0.0141691
0.0143646
0.0148728
0.0141611
0.0144875
0.014688
0.0149924
0.0160437
0.0162523
0.016315
0.0162297
0.0162438
0.0164297
0.0175185
0.0180479
0.0179928
0.0184867
0.0189075
0.0189331
0.0196239
0.0211528
0.0214611
0.0212564
0.0210141
0.0209013
0.0195109
0.0201512
0.019819
0.018276
0.0165181
0.0157872
0.0155216
0.0143594
0.0131938
0.012818
0.0130166
0.0133938
0.0136721
0.0134412
0.013742
0.0145522
0.0145957
0.0144512
0.0138091
0.012318
0.0127004
0.0120971
0.0130835
0.0132335
0.0127979
0.012887
0.011414
0.0102783
0.0100996
0.0103127
0.00994997
0.00920183
0.0097915
0.0106027
0.0116845
0.0116854
0.0116607
0.0121636
0.0134587
0.0141946
0.0142102
0.014759
0.0150483
0.015523
0.0150701
0.0148869
0.0159049
0.0165147
0.0167505
0.0168325
0.0169597
0.0176963
0.01884
0.0194212
0.0184797
0.0185323
0.0191237
0.0195231
0.020111
0.021535
0.0218018
0.0217853
0.0212994
0.0209886
0.0198576
0.019852
0.0199972
0.0196028
0.0175493
0.0155501
0.0147768
0.0137992
0.0128922
0.0134373
0.0139092
0.0150019
0.0154616
0.0150929
0.0148242
0.0148391
0.0156213
0.0157307
0.0137491
0.0124559
0.013168
0.0130259
0.013649
0.0153565
0.0138315
0.0124975
0.011691
0.0107672
0.0107873
0.0112006
0.0110813
0.0102483
0.00994557
0.0105202
0.0114088
0.0116948
0.0120747
0.0124033
0.0133364
0.0138183
0.013696
0.0144632
0.0152607
0.0158815
0.0155013
0.0159478
0.0173945
0.0175923
0.01762
0.0168674
0.0167892
0.017727
0.0194082
0.0191597
0.0180584
0.0185631
0.0194571
0.0200026
0.020486
0.0214645
0.0218854
0.0220794
0.021686
0.0212652
0.0202916
0.0195765
0.0188261
0.0178473
0.0159294
0.0138154
0.0133816
0.013545
0.0136589
0.0150005
0.0148795
0.0157452
0.0162287
0.0155541
0.0150501
0.015216
0.0151129
0.0149495
0.013335
0.0120063
0.0132758
0.0134473
0.0134082
0.0153057
0.0139935
0.0115204
0.0108445
0.0111646
0.010985
0.0107251
0.0103353
0.0112306
0.0108074
0.010624
0.0108266
0.0111967
0.0111499
0.0121632
0.0128544
0.0135917
0.0139165
0.0140748
0.0153663
0.0158244
0.0149868
0.015647
0.0174428
0.0182923
0.0182518
0.0171483
0.0172056
0.0183334
0.0194018
0.0188865
0.018689
0.019461
0.0200768
0.0199276
0.0200289
0.0208616
0.0216667
0.0216645
0.0215282
0.0213838
0.0201492
0.0186648
0.0164378
0.0151553
0.0138387
0.0133528
0.0135545
0.014836
0.0158735
0.0164231
0.0160577
0.0157293
0.0159659
0.0163595
0.0158759
0.0162298
0.0158889
0.0149728
0.0138442
0.01319
0.0140228
0.0143291
0.0143167
0.0151823
0.0135571
0.0104018
0.0103856
0.0109345
0.0117376
0.0116892
0.0115017
0.0117388
0.0121529
0.0118411
0.010712
0.0106907
0.0107856
0.0112148
0.0126047
0.0137732
0.0133397
0.0132312
0.0149282
0.0154592
0.0150537
0.0158703
0.0169765
0.0176196
0.017687
0.0166968
0.0170866
0.0179496
0.0189307
0.0189233
0.0187393
0.0195329
0.0202769
0.0199528
0.0198065
0.0207601
0.0216501
0.021762
0.0220298
0.0217443
0.0177462
0.0171534
0.0156943
0.0142368
0.0137032
0.0145488
0.0155683
0.0164824
0.0171905
0.0169057
0.0164338
0.0165509
0.0168666
0.016851
0.0166419
0.0163328
0.0160633
0.0152552
0.0143351
0.014139
0.0146256
0.014535
0.0149389
0.0144269
0.0129506
0.0109916
0.0106465
0.0103685
0.0116185
0.0111659
0.01111
0.0118119
0.0113513
0.0106237
0.0106061
0.0110744
0.0115486
0.0110626
0.0118716
0.0131816
0.0126626
0.0133201
0.0142669
0.0155799
0.0152014
0.0156074
0.017038
0.0175529
0.0174558
0.0167039
0.0173451
0.0182105
0.0182801
0.0183962
0.0185671
0.0192444
0.0201362
0.0203683
0.0200916
0.0208264
0.0214823
0.0215061
0.0214867
0.0215311
0.0168501
0.0163209
0.0156642
0.0150882
0.0145111
0.0153494
0.0169473
0.0170056
0.0173118
0.0174089
0.0176165
0.017394
0.0173773
0.0172707
0.0165328
0.0160761
0.0154456
0.0155376
0.0150168
0.0144833
0.0144936
0.0149458
0.0151125
0.0136604
0.0123402
0.011347
0.0103697
0.0112647
0.0119831
0.011049
0.0105805
0.010898
0.0108144
0.010957
0.0108922
0.0114804
0.0120127
0.0112039
0.011173
0.0129475
0.0129431
0.0136933
0.013836
0.0151171
0.016023
0.0161534
0.017628
0.0177198
0.0174307
0.0169944
0.0184039
0.0189304
0.0185026
0.0183631
0.0187119
0.0196708
0.0207146
0.0205584
0.0195575
0.0206432
0.0216818
0.0213878
0.0212057
0.0214762
0.0173631
0.0168828
0.0165141
0.0161638
0.016173
0.0162494
0.0169927
0.0171833
0.0174071
0.0180864
0.0183624
0.017898
0.0180429
0.0177274
0.0164255
0.0159451
0.0157627
0.0157743
0.0161843
0.0157554
0.0152596
0.0160932
0.0150416
0.0134153
0.012983
0.0127034
0.0122718
0.0128547
0.0125364
0.01222
0.0114705
0.0115969
0.0122531
0.0123115
0.0114236
0.011663
0.0119063
0.0118464
0.0122518
0.0129021
0.0132749
0.0144177
0.0143153
0.0151841
0.01611
0.0161394
0.0173562
0.0173624
0.0170589
0.0169598
0.0179829
0.0191726
0.0187183
0.0186062
0.0184177
0.0195457
0.0210216
0.0208907
0.0200099
0.0203543
0.0212718
0.0211238
0.0210534
0.0216932
0.0180457
0.0176366
0.0167932
0.0165092
0.0170219
0.0170462
0.0171021
0.016977
0.0175032
0.0175518
0.0170376
0.0175683
0.0182527
0.016995
0.0160484
0.0162259
0.0164024
0.0167846
0.0165508
0.0154727
0.0151744
0.0161817
0.0150961
0.0142528
0.0139801
0.0134532
0.013184
0.0129095
0.0129047
0.0129329
0.0123385
0.0119011
0.012346
0.0125294
0.0115741
0.0117309
0.0125854
0.0120204
0.0127518
0.0133542
0.0129605
0.0142567
0.0142015
0.0148662
0.0152984
0.014823
0.0161399
0.0166452
0.0165094
0.0164828
0.0162565
0.0173869
0.0188382
0.0189679
0.0181737
0.0187056
0.0200718
0.0205401
0.0203053
0.0203524
0.020789
0.0206057
0.0210714
0.0214255
0.0185605
0.0179457
0.0168515
0.0166702
0.0175198
0.0176742
0.0177793
0.0170659
0.0169844
0.0169886
0.0172467
0.0178429
0.0174587
0.0171985
0.0169273
0.0166582
0.0165061
0.0165244
0.0154806
0.0152242
0.0155275
0.0161328
0.0155391
0.0155081
0.014779
0.0144028
0.0146994
0.0147778
0.0136136
0.0133402
0.0134418
0.0133347
0.0134527
0.0140966
0.0139919
0.0142741
0.0142505
0.0127863
0.0142361
0.01394
0.0127811
0.0137119
0.0133855
0.0144218
0.0150628
0.0149715
0.015646
0.0165568
0.0170808
0.0172316
0.0169168
0.0171413
0.0184307
0.0192116
0.0190386
0.019255
0.0198343
0.0198035
0.0198307
0.0203202
0.0203892
0.0203678
0.020928
0.0210407
0.0184847
0.0178114
0.01701
0.0168245
0.0171232
0.0172427
0.0179051
0.0177138
0.0169611
0.0172402
0.0173747
0.0170166
0.0166351
0.0168612
0.0171524
0.0171405
0.0164932
0.0163301
0.0159935
0.0152795
0.0150297
0.0156169
0.0154358
0.0150886
0.0145172
0.0140454
0.0144807
0.0139628
0.0124168
0.0121098
0.0131076
0.0131153
0.0137556
0.0141946
0.0154141
0.0152961
0.013948
0.0128192
0.0148584
0.0138248
0.0128965
0.0136095
0.0131918
0.0134113
0.0144899
0.0141239
0.0149448
0.0155805
0.0165547
0.0171364
0.0157548
0.015437
0.0169675
0.0177135
0.0176927
0.0185622
0.0193176
0.0193728
0.019465
0.020072
0.0203742
0.019938
0.0199471
0.0202003
0.0182525
0.0179867
0.0175421
0.016731
0.0163366
0.016594
0.0173814
0.0180779
0.0172126
0.0168387
0.0171601
0.01726
0.0170514
0.0164004
0.0166748
0.0172945
0.0171484
0.0173991
0.0167023
0.0152803
0.0143539
0.0155211
0.0154552
0.0155756
0.0151375
0.0136074
0.0143262
0.014123
0.0137157
0.0135418
0.0129712
0.0133403
0.0140256
0.0141557
0.0147104
0.0150682
0.0132487
0.0126808
0.0153594
0.0144734
0.0134954
0.0139922
0.0135028
0.0139187
0.0144642
0.0140719
0.0152233
0.0158226
0.0169619
0.0172112
0.0153304
0.0154225
0.0165745
0.0175122
0.0168792
0.0178397
0.0186785
0.018512
0.0183949
0.0188089
0.0200395
0.0199162
0.0197541
0.019938
0.0181044
0.0181486
0.0174055
0.0168063
0.0161458
0.0168072
0.0175969
0.0179019
0.0171039
0.017003
0.0169826
0.0172078
0.0177964
0.0169337
0.0164066
0.0168405
0.0174952
0.0174414
0.0183137
0.0164452
0.0145385
0.0144697
0.0149663
0.0149366
0.014082
0.0121694
0.0125298
0.0128456
0.0136543
0.014526
0.0133708
0.0139234
0.0145275
0.0141319
0.0139556
0.013783
0.0124283
0.0134669
0.0152102
0.0150194
0.0147229
0.0147464
0.014796
0.015192
0.0146879
0.0141465
0.0160749
0.0162271
0.016819
0.0177775
0.0158215
0.0154985
0.0168015
0.0175944
0.0174255
0.0176337
0.0178826
0.0179275
0.0184292
0.0186245
0.0192226
0.0195432
0.0197002
0.0199206
0.0179258
0.0178512
0.0175577
0.0171633
0.0168901
0.017166
0.0171251
0.0173127
0.0169339
0.0164492
0.0167162
0.0168022
0.0176476
0.0169257
0.0161419
0.0158929
0.0176783
0.0179196
0.0184982
0.0170797
0.0136991
0.0139182
0.0145394
0.0143346
0.0139277
0.0128248
0.0127465
0.0120345
0.013159
0.0135489
0.0128205
0.0124587
0.0129561
0.0132562
0.0130235
0.0117926
0.0122186
0.0130374
0.0141886
0.0152048
0.0156781
0.0146555
0.0148348
0.0150943
0.0137868
0.0132964
0.0150046
0.0159702
0.0163586
0.0164603
0.0150782
0.0152697
0.0162694
0.0171136
0.0172301
0.0166099
0.0170614
0.0175491
0.0183542
0.0190239
0.0192864
0.0201716
0.0204714
0.0201319
0.0178667
0.0185563
0.0186924
0.0180404
0.0176572
0.0175994
0.0176499
0.0171845
0.0166811
0.0163076
0.015946
0.0160284
0.0163089
0.0160421
0.0153129
0.0154062
0.0168586
0.0181614
0.0174657
0.0155591
0.0133038
0.0139387
0.014682
0.0141841
0.0132954
0.0133488
0.0129256
0.0119838
0.0129384
0.0132089
0.012294
0.0114069
0.0120806
0.012602
0.0130717
0.012019
0.0131742
0.0129327
0.0140862
0.0149986
0.0157518
0.0151806
0.015647
0.0153586
0.0140184
0.0142873
0.0153293
0.0156439
0.0162838
0.0161329
0.015425
0.0153003
0.0154892
0.0155147
0.0160065
0.0165549
0.0177512
0.0180323
0.0182706
0.0186759
0.0198004
0.0211356
0.0213447
0.0207427
0.0182476
0.0192285
0.0193206
0.0189872
0.0185509
0.0181436
0.0180212
0.017608
0.0170952
0.0179809
0.0172586
0.0170211
0.0171956
0.0173444
0.015694
0.0166379
0.0178259
0.0180413
0.0173628
0.0158872
0.0146713
0.0149395
0.0156765
0.0144986
0.0135571
0.0141308
0.0133222
0.0127383
0.0134808
0.0138404
0.0139001
0.0128805
0.0130292
0.0144156
0.0144698
0.0134599
0.0154038
0.01495
0.0154112
0.0163757
0.0173197
0.0172401
0.0172857
0.0171944
0.0158518
0.0166054
0.0175505
0.0171073
0.0168531
0.0167644
0.0173035
0.0166387
0.0167842
0.0171911
0.0168267
0.0174919
0.0190572
0.0190008
0.0183912
0.0191217
0.019262
0.0202448
0.0205613
0.0202584
0.0185329
0.0188063
0.0186777
0.0188559
0.0185862
0.0182439
0.0181445
0.0181603
0.0186991
0.0189799
0.0186773
0.018775
0.0185242
0.0182271
0.0162805
0.018103
0.0184699
0.0182344
0.0182545
0.0167439
0.0164359
0.016609
0.0170793
0.0158275
0.0144705
0.0147008
0.01462
0.0133589
0.0136476
0.0152184
0.015606
0.0144424
0.0135589
0.0155279
0.0155515
0.0150998
0.0170744
0.0161717
0.0160157
0.0170425
0.0173678
0.0179432
0.0176835
0.0174568
0.0169929
0.0173067
0.0181627
0.0185772
0.0181435
0.0180367
0.0181667
0.0176585
0.0177525
0.0185685
0.0181029
0.0185525
0.0198007
0.0196292
0.0194518
0.0200389
0.0198517
0.0203969
0.0211124
0.020192
0.0189542
0.0187767
0.0186204
0.0190997
0.0189427
0.018318
0.0179144
0.0183056
0.0188648
0.0185647
0.0180508
0.0184133
0.0181783
0.0181473
0.0169712
0.0183544
0.018553
0.018053
0.0179293
0.0173444
0.0158098
0.0153427
0.0167136
0.016551
0.0153079
0.0139731
0.0148928
0.0142082
0.0141159
0.0150398
0.015148
0.0154145
0.014314
0.0151142
0.0145162
0.0152732
0.0168524
0.016535
0.0157943
0.0157463
0.0162645
0.0171554
0.0166159
0.0170989
0.0174743
0.017895
0.0181212
0.0181101
0.0184614
0.0186082
0.0186558
0.0176929
0.0178613
0.0189702
0.0190833
0.0190711
0.0194959
0.0194076
0.0196878
0.0200423
0.0200253
0.0202014
0.020977
0.0203308
0.0191206
0.019218
0.0192529
0.0196433
0.0193682
0.0187344
0.0181284
0.018213
0.019051
0.0191227
0.0179305
0.0180869
0.0181896
0.0182664
0.0175111
0.017162
0.0184231
0.0186918
0.016896
0.0171062
0.0162013
0.0149231
0.0155292
0.0158492
0.0150802
0.013846
0.0152479
0.0151794
0.0144356
0.0150165
0.0150742
0.0158144
0.0150365
0.0142639
0.0152399
0.0156117
0.0165273
0.0170021
0.0170236
0.0165638
0.0165459
0.0166984
0.0162666
0.0172769
0.017749
0.0179511
0.0184709
0.0181838
0.0184888
0.0187837
0.0189735
0.0178766
0.0181771
0.0192531
0.0194297
0.0191034
0.0191243
0.0189722
0.0191085
0.0200583
0.0199633
0.0201539
0.0210576
0.0205468
0.0192381
0.0194693
0.019336
0.0194366
0.0192856
0.0190288
0.0185745
0.0186917
0.0192731
0.0188189
0.0176131
0.0182449
0.0182605
0.0183537
0.0182735
0.0172294
0.018377
0.0185546
0.0167865
0.0166592
0.016895
0.016122
0.0156545
0.0155998
0.0147199
0.0139845
0.0150395
0.0154509
0.0150955
0.0146964
0.0156814
0.0162515
0.0160212
0.0139509
0.0152059
0.0157771
0.0153156
0.0162026
0.0173742
0.0168725
0.0159751
0.0168312
0.0166955
0.0176509
0.0180009
0.0183776
0.0185097
0.0186805
0.0185614
0.0188426
0.0193983
0.0189131
0.0194414
0.0198605
0.0197127
0.0194296
0.0189513
0.0183906
0.0189123
0.0198252
0.0204631
0.0203592
0.0207171
0.0204132
0.0191976
0.0193111
0.0189744
0.0187861
0.0192009
0.0185463
0.0181486
0.018444
0.0193099
0.0190384
0.0188713
0.0183814
0.017867
0.0181189
0.0185141
0.0175068
0.0181375
0.0185163
0.017716
0.0168331
0.0168131
0.016979
0.0168532
0.0156584
0.0147945
0.0139313
0.0148854
0.0151833
0.0152062
0.0152972
0.0160989
0.0169688
0.0166656
0.0152863
0.0145952
0.0153661
0.0155177
0.0155392
0.0159598
0.0160145
0.0164223
0.0170713
0.0178893
0.0191197
0.0184079
0.0187772
0.0194177
0.019683
0.0193825
0.0194685
0.0195771
0.0192331
0.0192527
0.0194792
0.0191362
0.0191642
0.018978
0.0184318
0.0181104
0.0192495
0.020173
0.0205977
0.0207389
0.0204118
0.0188264
0.0188631
0.0187367
0.0180663
0.0182373
0.0181223
0.0182501
0.0185302
0.0191568
0.0190175
0.0189064
0.0182531
0.0181117
0.0186603
0.01911
0.0184913
0.0184731
0.0185217
0.0185638
0.0178421
0.016809
0.0163834
0.0167505
0.0160996
0.0158852
0.0147863
0.0153265
0.0155718
0.0156314
0.016241
0.0169042
0.0175454
0.0165115
0.0163779
0.0154951
0.0147979
0.0159437
0.0158954
0.0151463
0.0153487
0.0165501
0.0174604
0.0183364
0.0194684
0.0191356
0.0190239
0.0197465
0.020099
0.0202252
0.0201846
0.0197645
0.0191945
0.0190571
0.0188311
0.0192808
0.019357
0.0192784
0.0190253
0.0187909
0.0189957
0.0196876
0.0203744
0.0209014
0.0207525
0.0183248
0.0184304
0.0183238
0.0179728
0.0179086
0.0184359
0.0186809
0.0187503
0.0187147
0.018086
0.018477
0.0189325
0.0183835
0.0194906
0.0197421
0.0193418
0.0187327
0.0187218
0.0181912
0.0174327
0.0169355
0.0160827
0.0159523
0.016115
0.015438
0.0145865
0.0150733
0.0155079
0.0160707
0.0167654
0.016873
0.0171312
0.0161828
0.0168662
0.0166336
0.0154113
0.0159419
0.015739
0.0150432
0.0148804
0.0157965
0.0171702
0.0177808
0.0185694
0.0191821
0.0190022
0.0195979
0.0201164
0.0202758
0.0200615
0.0196504
0.0194784
0.0195124
0.0191215
0.0196597
0.0202646
0.0202499
0.0201305
0.0201339
0.0198226
0.0197787
0.0200872
0.0202406
0.0205244
0.0183438
0.018307
0.0183542
0.0181183
0.0181252
0.0184281
0.0189411
0.018844
0.0186321
0.018253
0.0184305
0.0190898
0.0183827
0.0194384
0.0197372
0.0195612
0.0194988
0.0189272
0.0175486
0.0171562
0.0170086
0.0166174
0.015357
0.0147911
0.0148528
0.0140843
0.0141707
0.0145718
0.0146498
0.0160192
0.0163714
0.0166314
0.0166173
0.017
0.0164175
0.0159084
0.0153245
0.0155761
0.0150493
0.0151721
0.0151499
0.0162961
0.0173524
0.017698
0.0187029
0.0190116
0.0193663
0.0196363
0.0194432
0.019703
0.0194015
0.0193358
0.0192202
0.0187688
0.0190321
0.0199408
0.0202708
0.0199337
0.0194988
0.0197993
0.0197212
0.0200197
0.0203427
0.0203325
